670.00 13.00 28.00 20.00
637.00 14.00 12.00 22.00
792.00 9.00 18.00 13.00
779.00 8.00 11.00 20.00
447.00 7.00 25.00 11.00
695.00 12.00 12.00 8.00
351.00 12.00 14.00 22.00
373.00 9.00 25.00 5.00
642.00 12.00 15.00 10.00
612.00 10.00 18.00 9.00
527.00 11.00 26.00 8.00
364.00 9.00 12.00 6.00
448.00 6.00 24.00 13.00
306.00 7.00 17.00 19.00
761.00 9.00 19.00 19.00
672.00 12.00 17.00 15.00
519.00 9.00 24.00 13.00
513.00 9.00 20.00 23.00
382.00 12.00 22.00 8.00
691.00 9.00 29.00 11.00
751.00 11.00 21.00 9.00
21.00 321.00 332.00 32.00
21.00 32.00 23.00 32.00
65.00 98.00 58.00 45.00
65.00 98.00 58.00 45.00
10.00 58.00 210.00 210.00
10.00 58.00 210.00 210.00
1235.00 125.00 568.00 100.00
1235.00 125.00 568.00 100.00
250.00 150.00 100.00 60.00
371.00 13.00 28.00 15.00
612.00 14.00 24.00 11.00
313.00 9.00 20.00 18.00
303.00 8.00 24.00 12.00
413.00 12.00 21.00 6.00
405.00 9.00 16.00 18.00
669.00 14.00 13.00 9.00
539.00 8.00 22.00 11.00
455.00 5.00 21.00 11.00
517.00 11.00 27.00 24.00
551.00 11.00 15.00 11.00
316.00 5.00 23.00 18.00
498.00 11.00 25.00 5.00
697.00 10.00 16.00 14.00
628.00 6.00 24.00 14.00
492.00 7.00 19.00 18.00
611.00 13.00 10.00 19.00
454.00 6.00 23.00 10.00
370.00 8.00 29.00 18.00
772.00 7.00 17.00 15.00
519.00 9.00 17.00 7.00
32.00 32.00 32.00 2.00
6.00 5.00 8.00 9.00
9.00 8.00 65.00 25.00
9.00 8.00 65.00 25.00
25.00 2.00 3.00 1.00
25.00 2.00 3.00 1.00
215.00 125.00 214.00 26.00
215.00 125.00 214.00 26.00
150.00 200.00 300.00 100.00
623.00 5.00 17.00 22.00
547.00 8.00 11.00 8.00
402.00 6.00 16.00 14.00
334.00 12.00 23.00 24.00
621.00 8.00 25.00 22.00
371.00 5.00 25.00 6.00
447.00 11.00 25.00 20.00
516.00 6.00 17.00 16.00
379.00 5.00 22.00 8.00
324.00 8.00 21.00 19.00
345.00 13.00 21.00 9.00
697.00 14.00 11.00 12.00
600.00 11.00 28.00 10.00
330.00 12.00 28.00 8.00
455.00 7.00 25.00 10.00
482.00 13.00 14.00 20.00
465.00 13.00 21.00 13.00
452.00 5.00 23.00 9.00
511.00 8.00 14.00 24.00
469.00 6.00 19.00 17.00
686.00 6.00 22.00 20.00
32.00 32.00 23.00 32.00
2.00 52.00 59.00 51.00
20.00 25.00 36.00 95.00
20.00 25.00 36.00 95.00
52.00 251.00 151.00 151.00
52.00 251.00 151.00 151.00
526.00 352.00 245.00 215.00
526.00 352.00 245.00 215.00
254.00 21.00 351.00 21.00
701.00 5.00 18.00 18.00
632.00 10.00 23.00 10.00
525.00 8.00 26.00 11.00
526.00 14.00 27.00 22.00
358.00 6.00 13.00 18.00
493.00 9.00 23.00 10.00
729.00 8.00 19.00 22.00
668.00 13.00 19.00 18.00
683.00 7.00 14.00 7.00
520.00 7.00 23.00 24.00
447.00 14.00 20.00 12.00
342.00 14.00 18.00 12.00
539.00 8.00 10.00 12.00
358.00 14.00 27.00 21.00
659.00 12.00 15.00 10.00
445.00 9.00 15.00 15.00
416.00 13.00 10.00 9.00
665.00 6.00 12.00 19.00
791.00 7.00 20.00 20.00
476.00 11.00 27.00 10.00
712.00 13.00 28.00 6.00
32.00 32.00 3.00 32.00
21.00 13.00 32.00 22.00
54.00 58.00 456.00 215.00
54.00 58.00 456.00 215.00
15.00 25.00 65.00 25.00
15.00 25.00 65.00 25.00
15.00 254.00 254.00 264.00
15.00 254.00 254.00 264.00
25.00 36.00 25.00 15.00
740.00 11.00 16.00 7.00
644.00 13.00 14.00 5.00
427.00 10.00 11.00 15.00
387.00 7.00 18.00 23.00
635.00 7.00 13.00 16.00
619.00 6.00 16.00 13.00
723.00 11.00 27.00 14.00
497.00 8.00 20.00 16.00
739.00 5.00 22.00 24.00
485.00 10.00 26.00 22.00
603.00 5.00 24.00 12.00
362.00 11.00 10.00 12.00
740.00 12.00 15.00 21.00
653.00 6.00 15.00 19.00
522.00 14.00 20.00 12.00
677.00 7.00 16.00 19.00
327.00 9.00 22.00 15.00
721.00 5.00 26.00 7.00
635.00 7.00 25.00 20.00
420.00 12.00 20.00 6.00
510.00 14.00 11.00 20.00
32.00 32.00 32.00 32.00
25.00 25.00 58.00 2.00
82.00 251.00 151.00 154.00
82.00 251.00 151.00 154.00
20.00 36.00 24.00 58.00
20.00 36.00 24.00 58.00
54.00 25.00 36.00 25.00
54.00 25.00 36.00 25.00
25.00 14.00 25.00 52.00
